0 0.583585 0.976482 0.583310 0.976972 0.583310 0.977462 0.583036 0.977952 0.583036 0.981382 0.583310 0.981872 0.583310 0.982362 0.583585 0.982852 0.583859 0.982852 0.584134 0.983341 0.584134 0.983831 0.584957 0.985301 0.584957 0.986771 0.585506 0.987751 0.586330 0.987751 0.586879 0.986771 0.586879 0.981872 0.586604 0.981382 0.586604 0.980892 0.586879 0.980402 0.586879 0.976972 0.586604 0.976482 0.585232 0.976482 0.584957 0.976972 0.584683 0.976482
0 0.581114 0.963743 0.580565 0.964723 0.580565 0.971093 0.581114 0.972073 0.583859 0.972073 0.584134 0.972562 0.584134 0.974522 0.584408 0.975012 0.585506 0.975012 0.586055 0.974032 0.586055 0.969623 0.585232 0.968153 0.585232 0.965213 0.584957 0.964723 0.584957 0.964233 0.584683 0.963743
0 0.572605 0.952474 0.572330 0.952964 0.572056 0.952964 0.571781 0.953454 0.571781 0.957374 0.572056 0.957374 0.573703 0.960314 0.573703 0.960804 0.573977 0.960804 0.574252 0.961293 0.574252 0.962763 0.574526 0.963253 0.574526 0.963743 0.574801 0.963743 0.575075 0.964233 0.575350 0.964233 0.575624 0.963743 0.575899 0.963743 0.576173 0.963253 0.576173 0.962763 0.576448 0.962273 0.576448 0.957374 0.576173 0.956884 0.576173 0.956394 0.575899 0.955904 0.575624 0.955904 0.575350 0.955414 0.575350 0.954924 0.575075 0.954434 0.574801 0.954434 0.574526 0.953944 0.574526 0.953454 0.574252 0.952964 0.573977 0.952964 0.573703 0.952474
0 0.573977 0.940225 0.573428 0.941205 0.573428 0.944145 0.573703 0.944635 0.573703 0.945125 0.574252 0.946105 0.574252 0.947085 0.574526 0.947575 0.574526 0.948065 0.574801 0.948065 0.575075 0.948555 0.575075 0.950024 0.575350 0.950514 0.575350 0.951004 0.575624 0.951494 0.575899 0.951494 0.576173 0.951984 0.576173 0.953944 0.576448 0.954434 0.577546 0.954434 0.578095 0.953454 0.578095 0.949045 0.577271 0.947575 0.577271 0.946105 0.576997 0.945615 0.576997 0.945125 0.576722 0.945125 0.576173 0.944145 0.576173 0.943655 0.575350 0.942185 0.575350 0.940715 0.575075 0.940225
0 0.560527 0.923077 0.560253 0.923567 0.560253 0.926997 0.560527 0.927487 0.560802 0.927487 0.561076 0.927976 0.561076 0.928466 0.561625 0.929446 0.562449 0.929446 0.562723 0.929936 0.562723 0.935326 0.562998 0.935816 0.562998 0.936796 0.563272 0.936796 0.563821 0.937776 0.563821 0.938266 0.564096 0.938756 0.564370 0.938756 0.564919 0.939735 0.564919 0.940225 0.565468 0.940225 0.565743 0.940715 0.566566 0.940715 0.566841 0.940225 0.567115 0.940225 0.567390 0.939735 0.567390 0.937286 0.567115 0.937286 0.564919 0.933366 0.564919 0.926997 0.564370 0.926017 0.563272 0.926017 0.562998 0.925527 0.562998 0.925037 0.562723 0.924547 0.562449 0.924547 0.562174 0.924057 0.562174 0.923567 0.561625 0.922587 0.561076 0.922587 0.560802 0.923077
0 0.560253 0.914258 0.560253 0.916218 0.560527 0.916707 0.563547 0.916707 0.563821 0.917197 0.563821 0.917687 0.564096 0.918177 0.564370 0.918177 0.564645 0.918667 0.564919 0.918177 0.565194 0.918177 0.565743 0.917197 0.565743 0.914258 0.565194 0.913278 0.560802 0.913278
0 0.509745 0.791769 0.508921 0.795688 0.509745 0.797648 0.510019 0.803038 0.511666 0.805488 0.511666 0.808917 0.515235 0.813327 0.516607 0.819206 0.520176 0.819206 0.520725 0.823616 0.524842 0.826066 0.524019 0.827536 0.524019 0.830965 0.525940 0.833905 0.525666 0.844194 0.526764 0.846154 0.526764 0.850073 0.528685 0.852033 0.531705 0.852033 0.532803 0.860853 0.534175 0.863302 0.535548 0.863792 0.535822 0.867712 0.539940 0.871632 0.538018 0.874081 0.538018 0.878981 0.539391 0.881921 0.543508 0.882411 0.544332 0.881431 0.545979 0.882901 0.544332 0.887310 0.544332 0.892210 0.545704 0.894659 0.547626 0.894659 0.547900 0.897109 0.550371 0.900049 0.551469 0.902989 0.551469 0.908378 0.550371 0.910338 0.551469 0.912298 0.553116 0.911808 0.555037 0.906418 0.555037 0.902989 0.556135 0.901029 0.558057 0.901029 0.558606 0.898579 0.555312 0.896129 0.553939 0.899069 0.551469 0.895639 0.549547 0.889760 0.547077 0.889270 0.548175 0.885350 0.547900 0.878981 0.541861 0.873591 0.542685 0.872122 0.542685 0.868202 0.540489 0.867712 0.539116 0.865752 0.539391 0.861342 0.538842 0.859873 0.535822 0.859873 0.534724 0.857913 0.533352 0.848604 0.529783 0.848604 0.529234 0.847624 0.530332 0.845174 0.530332 0.840274 0.528960 0.839294 0.528136 0.842234 0.527862 0.838315 0.531156 0.837335 0.531156 0.831945 0.528411 0.831945 0.527038 0.829985 0.526764 0.822636 0.524293 0.820186 0.522646 0.820186 0.522097 0.815777 0.517980 0.815287 0.517156 0.810387 0.513588 0.805977 0.513588 0.802058 0.511941 0.799608 0.511941 0.794708
0 0.502608 0.774620 0.502059 0.775600 0.502059 0.777560 0.502333 0.778050 0.502608 0.778050 0.502882 0.778540 0.502882 0.780500 0.503157 0.780990 0.503431 0.780990 0.503706 0.781480 0.503706 0.781970 0.502882 0.783439 0.502882 0.788339 0.503431 0.789319 0.505078 0.789319 0.505353 0.789809 0.505353 0.790299 0.505627 0.790789 0.505627 0.791769 0.505902 0.792259 0.507000 0.792259 0.507274 0.791769 0.507274 0.791279 0.507549 0.790789 0.507549 0.786869 0.507274 0.786379 0.507274 0.785889 0.506725 0.785889 0.506451 0.785399 0.505902 0.785399 0.505627 0.784909 0.505627 0.778540 0.505353 0.778050 0.505078 0.778050 0.504804 0.777560 0.504804 0.775600 0.504255 0.774620
0 0.500412 0.763351 0.500137 0.763841 0.499588 0.763841 0.499588 0.764331 0.499314 0.764821 0.499314 0.770701 0.499588 0.771191 0.499588 0.771681 0.500137 0.771681 0.500412 0.772171 0.500961 0.772171 0.501235 0.771681 0.501784 0.771681 0.502059 0.771191 0.502059 0.768741 0.501784 0.768741 0.501235 0.767761 0.501235 0.764331 0.500961 0.763841 0.500686 0.763841
0 0.492726 0.757472 0.492726 0.759432 0.493000 0.759922 0.496569 0.759922 0.497392 0.761391 0.498765 0.761391 0.499039 0.760902 0.499039 0.760412 0.498765 0.759922 0.497941 0.759922 0.497118 0.758452 0.494647 0.758452 0.494373 0.757962 0.494647 0.757472 0.494647 0.756002 0.494098 0.755022 0.493824 0.755512 0.493824 0.756492 0.493549 0.756982 0.493000 0.756982
0 0.486687 0.747673 0.486687 0.748653 0.491902 0.748653 0.491902 0.747673 0.492177 0.747183 0.492451 0.747183 0.492726 0.747673 0.492726 0.751592 0.493000 0.752082 0.493549 0.752082 0.493824 0.752572 0.493824 0.753552 0.495196 0.753552 0.495471 0.754042 0.495471 0.755022 0.496020 0.755022 0.496294 0.754532 0.496294 0.752572 0.496020 0.752082 0.494922 0.752082 0.494647 0.751592 0.494647 0.751102 0.494922 0.750612 0.495745 0.750612 0.496020 0.750122 0.496294 0.750122 0.496294 0.747673 0.496020 0.747183 0.493824 0.747183 0.493549 0.746693 0.493549 0.745713 0.491353 0.745713 0.491079 0.746203 0.491079 0.746693 0.490804 0.747183 0.486961 0.747183
0 0.482295 0.720725 0.482295 0.724645 0.481471 0.725625 0.481471 0.726605 0.482844 0.726605 0.483118 0.727095 0.483118 0.729544 0.483393 0.730034 0.485589 0.730034 0.485863 0.730524 0.485863 0.732974 0.486412 0.732974 0.486687 0.733464 0.486687 0.734444 0.486412 0.734934 0.485040 0.734934 0.485040 0.735914 0.485863 0.736894 0.485863 0.737874 0.487236 0.737874 0.487510 0.738364 0.487510 0.740323 0.486687 0.741303 0.486687 0.743753 0.486961 0.744243 0.488059 0.744243 0.488334 0.744733 0.488334 0.745223 0.488608 0.745713 0.488883 0.745713 0.489157 0.745223 0.489157 0.742773 0.488608 0.742773 0.488334 0.742283 0.488334 0.739833 0.488608 0.739343 0.489157 0.739343 0.489157 0.737874 0.488608 0.737874 0.488334 0.737384 0.488334 0.736404 0.487785 0.736404 0.487510 0.735914 0.487510 0.733464 0.487785 0.732974 0.489157 0.732974 0.489157 0.730034 0.488608 0.730034 0.488334 0.729544 0.488334 0.728564 0.485040 0.728564 0.484765 0.728074 0.484765 0.727095 0.484491 0.726605 0.484216 0.726605 0.483942 0.726115 0.483942 0.725625 0.483118 0.724645 0.483118 0.720725
0 0.478726 0.714356 0.478726 0.716805 0.479001 0.717295 0.479275 0.717295 0.479550 0.717785 0.479550 0.723175 0.479824 0.723665 0.480922 0.723665 0.481197 0.723175 0.481197 0.719255 0.480922 0.718765 0.480648 0.718765 0.480373 0.718275 0.480373 0.715826 0.479824 0.715826 0.479550 0.715336 0.479550 0.714356
0 0.474334 0.706516 0.474334 0.707496 0.474609 0.707986 0.474883 0.707986 0.475158 0.708476 0.475158 0.708966 0.475432 0.709456 0.475158 0.709946 0.475158 0.710926 0.476805 0.710926 0.476805 0.707986 0.476256 0.707986 0.475981 0.707496 0.475981 0.706516
0 0.474060 0.698677 0.473511 0.698677 0.473511 0.701127 0.473236 0.701617 0.472687 0.701617 0.472687 0.702107 0.472413 0.702597 0.472413 0.703577 0.472687 0.704067 0.472687 0.704557 0.473236 0.704557 0.473236 0.703577 0.473511 0.703087 0.474060 0.703087 0.474060 0.702597 0.474334 0.702107 0.474334 0.699167
0 0.461982 0.670260 0.461982 0.676139 0.463354 0.676139 0.463629 0.676629 0.463629 0.677609 0.463903 0.678099 0.465276 0.678099 0.465550 0.678589 0.465550 0.681039 0.466099 0.681039 0.466374 0.681529 0.466374 0.682019 0.465550 0.682999 0.465550 0.685448 0.465825 0.685938 0.466099 0.685448 0.466374 0.685938 0.466374 0.687408 0.466923 0.687408 0.467197 0.687898 0.467197 0.688878 0.468844 0.688878 0.469119 0.689368 0.469119 0.690348 0.469668 0.690348 0.469942 0.690838 0.469942 0.691818 0.470217 0.692308 0.470491 0.692308 0.470766 0.692798 0.470766 0.693288 0.471589 0.694268 0.471589 0.696227 0.471040 0.697207 0.470766 0.697207 0.470766 0.699657 0.471040 0.699657 0.471315 0.700147 0.472138 0.700147 0.472413 0.699657 0.472413 0.697207 0.472687 0.696717 0.473236 0.696717 0.473236 0.695737 0.473511 0.695247 0.474060 0.695247 0.474060 0.694757 0.474334 0.694268 0.474334 0.692798 0.474060 0.692308 0.473511 0.692308 0.473511 0.693288 0.473236 0.693778 0.472687 0.693778 0.472687 0.694268 0.472413 0.694757 0.472138 0.694268 0.472138 0.692308 0.471864 0.692308 0.471589 0.691818 0.471589 0.690838 0.471315 0.690838 0.469668 0.687898 0.469668 0.687408 0.468295 0.687408 0.468021 0.686918 0.468021 0.685938 0.467472 0.685938 0.467197 0.685448 0.467197 0.680059 0.466374 0.679079 0.466374 0.677119 0.466099 0.676629 0.464727 0.676629 0.464452 0.676139 0.464452 0.675159 0.464178 0.674669 0.463080 0.674669 0.462805 0.674179 0.462805 0.672220 0.463629 0.671240 0.463629 0.670260
0 0.458688 0.663890 0.458413 0.664380 0.458413 0.664870 0.458688 0.665360 0.458962 0.665360 0.459237 0.665850 0.459237 0.666340 0.459511 0.666830 0.459786 0.666830 0.460060 0.667320 0.460060 0.669770 0.459786 0.670260 0.459511 0.670260 0.459237 0.670750 0.459237 0.671240 0.459511 0.671730 0.460609 0.671730 0.460884 0.671240 0.460884 0.665360 0.460335 0.665360 0.460060 0.664870 0.460060 0.663890
0 0.459237 0.656051 0.458413 0.656051 0.458413 0.659971 0.457864 0.660951 0.457590 0.660951 0.457590 0.661930 0.457315 0.662420 0.456766 0.662420 0.456766 0.663400 0.457041 0.663890 0.457864 0.663890 0.458413 0.662910 0.458413 0.662420 0.458688 0.661930 0.459237 0.661930
0 0.455394 0.652621 0.454845 0.653601 0.454845 0.657031 0.455119 0.657521 0.457041 0.657521 0.457315 0.657031 0.457315 0.656051 0.456766 0.656051 0.456492 0.655561 0.456492 0.654581 0.455943 0.654581 0.455668 0.654091 0.455668 0.653111
0 0.449629 0.634003 0.449629 0.637923 0.449080 0.638902 0.448806 0.638902 0.448806 0.639882 0.450178 0.639882 0.450453 0.640372 0.450453 0.642822 0.450727 0.643312 0.451002 0.643312 0.451276 0.642822 0.451276 0.638902 0.451002 0.638413 0.450727 0.638413 0.450453 0.637923 0.450453 0.634003
0 0.436453 0.604116 0.436453 0.608525 0.437002 0.608525 0.437277 0.609015 0.437277 0.611465 0.437551 0.611955 0.438649 0.611955 0.438924 0.612445 0.438924 0.614405 0.439198 0.614895 0.439473 0.614895 0.440022 0.616365 0.440571 0.616365 0.440845 0.616854 0.440845 0.619304 0.441120 0.619794 0.441394 0.619794 0.441669 0.620284 0.441669 0.620774 0.442492 0.621754 0.442492 0.622734 0.443041 0.622734 0.443316 0.623224 0.443316 0.623714 0.444139 0.624694 0.444139 0.626654 0.444414 0.627144 0.444414 0.627634 0.444963 0.627634 0.445237 0.628123 0.445237 0.630573 0.445786 0.630573 0.446061 0.631063 0.446061 0.633513 0.446335 0.634003 0.447982 0.634003 0.448257 0.633513 0.448531 0.633513 0.448531 0.632533 0.447159 0.632533 0.446884 0.632043 0.446884 0.629593 0.446061 0.628613 0.446061 0.626654 0.445237 0.625674 0.445237 0.623714 0.444688 0.622734 0.444414 0.622734 0.443865 0.621264 0.443590 0.621264 0.443316 0.620774 0.443316 0.619794 0.442767 0.619794 0.442492 0.619304 0.442492 0.618814 0.441669 0.617834 0.441669 0.615875 0.441394 0.615385 0.441394 0.614895 0.441120 0.614895 0.440571 0.613915 0.440571 0.613425 0.440022 0.613425 0.439747 0.612935 0.439747 0.610485 0.438375 0.610485 0.438100 0.609995 0.438100 0.607545 0.437277 0.606565 0.437277 0.604606 0.437002 0.604116
