0 0.559570 0.329688 0.350586 0.312500 0.334961 0.325000 0.305664 0.387500 0.299805 0.426563 0.269531 0.509375 0.154297 0.759375 0.140625 0.820312 0.127930 0.857812 0.100586 0.909375 0.097656 0.932813 0.121094 0.942187 0.364258 0.942187 0.409180 0.934375 0.440430 0.942187 0.456055 0.932813 0.467773 0.939063 0.519531 0.935937 0.532227 0.956250 0.546875 0.950000 0.555664 0.895312 0.561523 0.887500 0.556641 0.776563 0.549805 0.740625 0.549805 0.665625 0.554688 0.634375 0.550781 0.560937 0.559570 0.443750
0 0.697266 0.623437 0.696289 0.625000 0.696289 0.626563 0.694336 0.629687 0.694336 0.631250 0.693359 0.632812 0.693359 0.648438 0.694336 0.650000 0.698242 0.650000 0.699219 0.651563 0.710938 0.651563 0.712891 0.648438 0.712891 0.646875 0.713867 0.645312 0.713867 0.635938 0.709961 0.629687 0.709961 0.628125 0.708008 0.625000 0.708008 0.623437 0.707031 0.621875 0.706055 0.621875 0.705078 0.620313 0.703125 0.620313 0.702148 0.621875 0.700195 0.621875 0.699219 0.623437
0 0.687500 0.570312 0.687500 0.573438 0.689453 0.576562 0.693359 0.576562 0.694336 0.575000 0.700195 0.575000 0.701172 0.573438 0.702148 0.573438 0.703125 0.571875 0.703125 0.568750 0.702148 0.567187 0.702148 0.565625 0.701172 0.564063 0.699219 0.564063 0.697266 0.560937 0.696289 0.560937 0.695312 0.559375 0.693359 0.559375 0.692383 0.560937 0.691406 0.560937 0.691406 0.562500 0.689453 0.565625 0.689453 0.567187
0 0.634766 0.551562 0.634766 0.554688 0.636719 0.557813 0.640625 0.557813 0.641602 0.559375 0.645508 0.559375 0.646484 0.560937 0.647461 0.560937 0.648438 0.562500 0.650391 0.562500 0.651367 0.564063 0.661133 0.564063 0.662109 0.562500 0.662109 0.560937 0.663086 0.559375 0.662109 0.557813 0.662109 0.556250 0.658203 0.550000 0.652344 0.550000 0.651367 0.548438 0.649414 0.548438 0.648438 0.546875 0.643555 0.546875 0.642578 0.548438 0.635742 0.548438 0.635742 0.550000
0 0.632812 0.453125 0.632812 0.456250 0.630859 0.457813 0.630859 0.473438 0.631836 0.475000 0.631836 0.492188 0.632812 0.493750 0.632812 0.503125 0.633789 0.504687 0.633789 0.512500 0.638672 0.521875 0.656250 0.535937 0.658203 0.535937 0.659180 0.537500 0.666992 0.540625 0.668945 0.543750 0.670898 0.545312 0.673828 0.545312 0.676758 0.548438 0.681641 0.548438 0.682617 0.550000 0.691406 0.550000 0.692383 0.548438 0.694336 0.548438 0.699219 0.540625 0.700195 0.537500 0.700195 0.529687 0.698242 0.526563 0.698242 0.523438 0.700195 0.520312 0.702148 0.514062 0.702148 0.510938 0.700195 0.507812 0.694336 0.503125 0.694336 0.493750 0.695312 0.492188 0.695312 0.475000 0.692383 0.470313 0.691406 0.470313 0.689453 0.467187 0.689453 0.465625 0.685547 0.464062 0.684570 0.462500 0.681641 0.462500 0.680664 0.460938 0.678711 0.460938 0.672852 0.456250 0.661133 0.456250 0.660156 0.457813 0.652344 0.457813 0.651367 0.456250 0.648438 0.456250 0.647461 0.454688 0.643555 0.454688 0.639648 0.451562 0.634766 0.451562
0 0.645508 0.404687 0.645508 0.409375 0.647461 0.412500 0.648438 0.412500 0.649414 0.414062 0.672852 0.414062 0.673828 0.412500 0.680664 0.412500 0.681641 0.410938 0.682617 0.410938 0.683594 0.409375 0.683594 0.404687 0.681641 0.401562 0.676758 0.401562 0.675781 0.400000 0.670898 0.400000 0.669922 0.398438 0.668945 0.398438 0.667969 0.396875 0.666992 0.396875 0.666016 0.395313 0.661133 0.395313 0.660156 0.396875 0.655273 0.396875 0.654297 0.398438 0.653320 0.398438 0.650391 0.403125 0.646484 0.403125
0 0.687500 0.375000 0.687500 0.378125 0.688477 0.379688 0.688477 0.381250 0.693359 0.381250 0.694336 0.382812 0.695312 0.382812 0.696289 0.384375 0.708984 0.384375 0.709961 0.382812 0.711914 0.382812 0.713867 0.379688 0.713867 0.376563 0.712891 0.375000 0.712891 0.373437 0.710938 0.370312 0.708984 0.370312 0.708008 0.368750 0.705078 0.368750 0.704102 0.367188 0.696289 0.367188 0.695312 0.368750 0.694336 0.368750 0.693359 0.370312 0.691406 0.370312 0.690430 0.371875 0.689453 0.371875
0 0.632812 0.325000 0.632812 0.329688 0.635742 0.334375 0.636719 0.334375 0.637695 0.335938 0.637695 0.337500 0.639648 0.340625 0.639648 0.346875 0.640625 0.348438 0.640625 0.362500 0.639648 0.364063 0.639648 0.373437 0.641602 0.378125 0.642578 0.378125 0.643555 0.379688 0.644531 0.379688 0.645508 0.381250 0.646484 0.381250 0.649414 0.384375 0.652344 0.384375 0.653320 0.385937 0.664062 0.385937 0.665039 0.384375 0.669922 0.384375 0.670898 0.382812 0.675781 0.382812 0.676758 0.381250 0.679688 0.381250 0.681641 0.378125 0.681641 0.373437 0.680664 0.371875 0.679688 0.371875 0.678711 0.370312 0.675781 0.370312 0.674805 0.368750 0.671875 0.368750 0.670898 0.367188 0.668945 0.367188 0.667969 0.365625 0.666992 0.365625 0.665039 0.362500 0.664062 0.362500 0.661133 0.359375 0.661133 0.356250 0.666016 0.350000 0.666016 0.345313 0.665039 0.343750 0.662109 0.343750 0.661133 0.342187 0.658203 0.342187 0.656250 0.339062 0.655273 0.339062 0.649414 0.329688 0.648438 0.329688 0.647461 0.328125 0.645508 0.328125 0.642578 0.323437 0.640625 0.323437 0.639648 0.321875 0.635742 0.321875
0 0.604492 0.314063 0.604492 0.320312 0.605469 0.321875 0.609375 0.321875 0.610352 0.323437 0.621094 0.323437 0.622070 0.321875 0.622070 0.314063 0.621094 0.312500 0.620117 0.312500 0.619141 0.310937 0.618164 0.310937 0.617188 0.309375 0.611328 0.309375 0.609375 0.312500 0.606445 0.312500 0.605469 0.314063
0 0.622070 0.284375 0.622070 0.289062 0.624023 0.292187 0.643555 0.292187 0.644531 0.290625 0.645508 0.290625 0.646484 0.289062 0.646484 0.282813 0.642578 0.276562 0.641602 0.276562 0.639648 0.273438 0.638672 0.273438 0.636719 0.270313 0.633789 0.270313 0.631836 0.273438 0.631836 0.281250 0.630859 0.282813 0.623047 0.282813
