0 0.565430 0.182812 0.546875 0.181250 0.545898 0.182812 0.531250 0.182812 0.530273 0.184375 0.518555 0.184375 0.517578 0.185938 0.505859 0.185938 0.504883 0.187500 0.490234 0.189062 0.483398 0.193750 0.477539 0.204687 0.476562 0.209375 0.477539 0.228125 0.474609 0.242188 0.475586 0.257812 0.478516 0.262500 0.482422 0.265625 0.490234 0.267188 0.496094 0.271875 0.499023 0.276562 0.502930 0.290625 0.503906 0.304688 0.508789 0.318750 0.514648 0.326562 0.516602 0.345313 0.521484 0.346875 0.522461 0.345313 0.549805 0.346875 0.550781 0.345313 0.560547 0.343750 0.563477 0.340625 0.562500 0.337500 0.563477 0.323437 0.570312 0.312500 0.576172 0.307812 0.579102 0.307812 0.583008 0.303125 0.583008 0.289062 0.574219 0.279687 0.571289 0.279687 0.567383 0.271875 0.569336 0.223438 0.566406 0.209375 0.567383 0.187500
0 0.958008 0.803125 0.958984 0.804688 0.958984 0.806250 0.959961 0.807813 0.959961 0.809375 0.960938 0.810937 0.960938 0.812500 0.961914 0.814063 0.961914 0.817187 0.962891 0.818750 0.963867 0.818750 0.962891 0.817187 0.962891 0.815625 0.961914 0.814063 0.961914 0.812500 0.960938 0.810937 0.960938 0.809375 0.959961 0.807813 0.959961 0.806250
0 0.955078 0.790625 0.955078 0.792188 0.956055 0.793750 0.956055 0.795312 0.957031 0.796875 0.957031 0.800000 0.957031 0.796875 0.956055 0.795312 0.956055 0.793750 0.955078 0.792188
0 0.943359 0.789062 0.943359 0.793750 0.945312 0.796875 0.944336 0.795312 0.944336 0.790625
0 0.948242 0.762500 0.948242 0.764062 0.947266 0.765625 0.947266 0.767188 0.946289 0.768750 0.947266 0.767188 0.949219 0.767188 0.948242 0.765625
0 0.884766 0.646875 0.884766 0.648438 0.885742 0.648438
0 0.854492 0.537500 0.855469 0.539062 0.856445 0.539062 0.856445 0.537500
0 0.816406 0.437500 0.815430 0.439063 0.816406 0.440625 0.817383 0.440625 0.816406 0.439063
0 0.703125 0.409375 0.704102 0.429688 0.726562 0.464062 0.714844 0.546875 0.732422 0.579688 0.749023 0.589063 0.754883 0.601562 0.755859 0.629687 0.749023 0.684375 0.755859 0.703125 0.756836 0.740625 0.762695 0.760938 0.764648 0.793750 0.771484 0.810937 0.771484 0.839063 0.792969 0.871875 0.796875 0.903125 0.792969 0.934375 0.813477 0.960938 0.861328 0.993750 0.999023 0.993750 0.999023 0.929688 0.965820 0.901563 0.954102 0.884375 0.950195 0.835938 0.934570 0.801562 0.933594 0.773438 0.944336 0.743750 0.943359 0.728125 0.927734 0.696875 0.912109 0.685937 0.900391 0.665625 0.872070 0.660937 0.874023 0.643750 0.882812 0.626563 0.882812 0.610938 0.862305 0.560937 0.830078 0.543750 0.832031 0.532813 0.845703 0.526563 0.844727 0.507812 0.833008 0.479687 0.790039 0.446875 0.786133 0.434375 0.791992 0.425000 0.787109 0.403125 0.775391 0.396875 0.722656 0.400000
0 0.625000 0.057813 0.625000 0.068750 0.632812 0.075000 0.638672 0.087500 0.635742 0.107813 0.639648 0.129688 0.636719 0.159375 0.652344 0.171875 0.656250 0.179688 0.652344 0.187500 0.643555 0.193750 0.642578 0.210938 0.655273 0.228125 0.656250 0.234375 0.670898 0.262500 0.673828 0.273438 0.673828 0.284375 0.686523 0.323437 0.695312 0.339062 0.702148 0.345313 0.725586 0.350000 0.751953 0.350000 0.764648 0.342187 0.772461 0.325000 0.772461 0.312500 0.770508 0.307812 0.772461 0.287500 0.770508 0.279687 0.746094 0.239063 0.738281 0.239063 0.733398 0.246875 0.727539 0.250000 0.714844 0.231250 0.713867 0.217188 0.717773 0.185938 0.704102 0.175000 0.690430 0.171875 0.669922 0.151562 0.668945 0.145313 0.671875 0.137500 0.680664 0.129688 0.689453 0.126562 0.698242 0.109375 0.695312 0.103125 0.685547 0.095312 0.676758 0.095312 0.672852 0.090625 0.672852 0.079687 0.677734 0.073438 0.677734 0.070312 0.672852 0.065625 0.662109 0.064062 0.652344 0.057813
