1 0.655000 0.873333 0.655000 0.875000 0.656667 0.876667 0.658333 0.876667 0.660000 0.878333 0.668333 0.878333 0.670000 0.880000 0.690000 0.880000 0.690000 0.875000 0.688333 0.875000 0.686667 0.873333 0.670000 0.873333 0.668333 0.871667 0.660000 0.871667 0.658333 0.870000
1 0.640000 0.861667 0.641667 0.863333 0.648333 0.863333 0.650000 0.865000 0.678333 0.865000 0.680000 0.863333 0.680000 0.858333 0.641667 0.858333 0.641667 0.860000
1 0.500000 0.855000 0.501667 0.856667 0.503333 0.856667 0.505000 0.858333 0.506667 0.858333 0.508333 0.860000 0.511667 0.860000 0.513333 0.861667 0.516667 0.861667 0.518333 0.863333 0.520000 0.863333 0.521667 0.865000 0.526667 0.865000 0.528333 0.866667 0.536667 0.866667 0.538333 0.868333 0.556667 0.868333 0.558333 0.866667 0.575000 0.866667 0.576667 0.865000 0.576667 0.861667 0.575000 0.860000 0.556667 0.860000 0.555000 0.861667 0.540000 0.861667 0.538333 0.860000 0.530000 0.860000 0.528333 0.858333 0.525000 0.858333 0.523333 0.856667 0.518333 0.856667 0.516667 0.855000 0.515000 0.855000 0.513333 0.853333 0.508333 0.853333 0.506667 0.851667 0.501667 0.851667 0.501667 0.853333
1 0.421667 0.835000 0.421667 0.840000 0.428333 0.840000 0.430000 0.841667 0.455000 0.841667 0.456667 0.843333 0.473333 0.843333 0.475000 0.845000 0.505000 0.845000 0.506667 0.843333 0.506667 0.841667 0.505000 0.840000 0.480000 0.840000 0.478333 0.838333 0.473333 0.838333 0.471667 0.836667 0.466667 0.836667 0.465000 0.838333 0.463333 0.838333 0.461667 0.836667 0.456667 0.836667 0.455000 0.835000 0.431667 0.835000 0.430000 0.833333 0.425000 0.833333 0.423333 0.835000
1 0.526667 0.826667 0.526667 0.828333 0.528333 0.830000 0.536667 0.830000 0.538333 0.831667 0.545000 0.831667 0.546667 0.833333 0.550000 0.833333 0.551667 0.835000 0.558333 0.835000 0.560000 0.836667 0.566667 0.836667 0.568333 0.838333 0.570000 0.838333 0.571667 0.840000 0.573333 0.840000 0.575000 0.841667 0.576667 0.841667 0.578333 0.843333 0.583333 0.843333 0.585000 0.845000 0.586667 0.845000 0.588333 0.846667 0.591667 0.846667 0.593333 0.845000 0.593333 0.843333 0.591667 0.841667 0.591667 0.840000 0.590000 0.838333 0.588333 0.838333 0.586667 0.836667 0.581667 0.836667 0.580000 0.835000 0.578333 0.835000 0.576667 0.833333 0.573333 0.833333 0.571667 0.831667 0.568333 0.831667 0.566667 0.830000 0.561667 0.830000 0.560000 0.828333 0.551667 0.828333 0.550000 0.826667 0.546667 0.826667 0.545000 0.825000 0.540000 0.825000 0.538333 0.823333 0.528333 0.823333 0.528333 0.825000
1 0.386667 0.805000 0.386667 0.810000 0.396667 0.810000 0.398333 0.811667 0.426667 0.811667 0.428333 0.813333 0.436667 0.813333 0.438333 0.811667 0.440000 0.811667 0.440000 0.808333 0.438333 0.806667 0.430000 0.806667 0.428333 0.805000 0.400000 0.805000 0.398333 0.803333 0.388333 0.803333
1 0.690000 0.786667 0.688333 0.785000 0.665000 0.785000 0.663333 0.783333 0.643333 0.783333 0.641667 0.781667 0.610000 0.781667 0.608333 0.786667 0.601667 0.790000 0.560000 0.790000 0.560000 0.795000 0.626667 0.795000 0.628333 0.796667 0.626667 0.798333 0.621667 0.798333 0.611667 0.803333 0.605000 0.803333 0.590000 0.808333 0.570000 0.808333 0.568333 0.806667 0.561667 0.806667 0.553333 0.803333 0.523333 0.803333 0.523333 0.808333 0.545000 0.808333 0.560000 0.813333 0.598333 0.813333 0.630000 0.803333 0.648333 0.803333 0.648333 0.798333 0.645000 0.796667 0.631667 0.796667 0.630000 0.795000 0.630000 0.790000 0.631667 0.788333 0.658333 0.788333 0.660000 0.790000 0.686667 0.791667
1 0.371667 0.763333 0.371667 0.768333 0.373333 0.770000 0.376667 0.770000 0.378333 0.771667 0.383333 0.771667 0.385000 0.773333 0.388333 0.773333 0.390000 0.775000 0.390000 0.780000 0.388333 0.781667 0.386667 0.780000 0.383333 0.780000 0.381667 0.778333 0.378333 0.778333 0.376667 0.776667 0.371667 0.776667 0.371667 0.780000 0.373333 0.781667 0.378333 0.781667 0.380000 0.783333 0.383333 0.783333 0.385000 0.785000 0.403333 0.785000 0.405000 0.786667 0.420000 0.786667 0.421667 0.788333 0.435000 0.788333 0.438333 0.791667 0.438333 0.798333 0.446667 0.803333 0.456667 0.803333 0.458333 0.801667 0.458333 0.800000 0.456667 0.801667 0.455000 0.800000 0.451667 0.800000 0.450000 0.798333 0.446667 0.798333 0.445000 0.796667 0.443333 0.796667 0.441667 0.795000 0.446667 0.790000 0.448333 0.791667 0.466667 0.791667 0.466667 0.788333 0.453333 0.788333 0.451667 0.786667 0.440000 0.786667 0.438333 0.785000 0.433333 0.785000 0.431667 0.783333 0.423333 0.783333 0.421667 0.781667 0.395000 0.781667 0.393333 0.780000 0.393333 0.776667 0.395000 0.775000 0.401667 0.775000 0.403333 0.776667 0.408333 0.776667 0.410000 0.775000 0.410000 0.773333 0.406667 0.773333 0.405000 0.771667 0.400000 0.771667 0.398333 0.770000 0.391667 0.770000 0.390000 0.768333 0.385000 0.768333 0.383333 0.766667 0.380000 0.766667 0.376667 0.761667 0.373333 0.761667
1 0.515000 0.760000 0.515000 0.763333 0.516667 0.763333 0.518333 0.765000 0.518333 0.766667 0.516667 0.768333 0.516667 0.773333 0.528333 0.783333 0.535000 0.783333 0.538333 0.786667 0.535000 0.790000 0.528333 0.790000 0.526667 0.791667 0.523333 0.791667 0.523333 0.796667 0.531667 0.796667 0.533333 0.795000 0.545000 0.795000 0.546667 0.793333 0.548333 0.793333 0.551667 0.790000 0.551667 0.785000 0.548333 0.781667 0.546667 0.781667 0.541667 0.778333 0.536667 0.778333 0.526667 0.771667 0.528333 0.770000 0.533333 0.770000 0.533333 0.766667 0.535000 0.765000 0.598333 0.765000 0.601667 0.761667 0.601667 0.760000 0.600000 0.758333 0.546667 0.758333 0.545000 0.760000 0.528333 0.760000 0.526667 0.758333 0.516667 0.758333
1 0.536667 0.745000 0.536667 0.750000 0.545000 0.750000 0.546667 0.751667 0.551667 0.751667 0.553333 0.753333 0.600000 0.753333 0.601667 0.755000 0.606667 0.755000 0.608333 0.753333 0.608333 0.750000 0.606667 0.750000 0.605000 0.748333 0.596667 0.748333 0.595000 0.746667 0.556667 0.746667 0.555000 0.745000 0.548333 0.745000 0.546667 0.743333 0.538333 0.743333
