1 0.357072 0.942187 0.357072 0.945312 0.355684 0.946094 0.355684 0.948438 0.354296 0.949219 0.354296 0.950000 0.351521 0.951563 0.351521 0.952344 0.348746 0.953906 0.348746 0.954687 0.345970 0.956250 0.341807 0.956250 0.341807 0.967969 0.345970 0.967969 0.347358 0.968750 0.347358 0.969531 0.348746 0.970312 0.348746 0.971875 0.350133 0.972656 0.350133 0.973437 0.351521 0.974219 0.351521 0.975781 0.352909 0.976562 0.352909 0.978125 0.354296 0.978906 0.354296 0.979688 0.352909 0.980469 0.352909 0.982031 0.351521 0.982813 0.351521 0.984375 0.345970 0.987500 0.341807 0.987500 0.341807 0.999219 0.384825 0.999219 0.384825 0.985156 0.379274 0.985156 0.376499 0.983594 0.376499 0.977344 0.377886 0.976562 0.377886 0.964844 0.376499 0.964063 0.376499 0.949219 0.375111 0.948438 0.375111 0.946875 0.373723 0.946094 0.373723 0.942187
1 0.602687 0.329688 0.602687 0.334375 0.606849 0.334375 0.608237 0.335156 0.611012 0.335156 0.612400 0.335938 0.612400 0.338281 0.655417 0.338281 0.655417 0.334375 0.656805 0.333594 0.662356 0.333594 0.662356 0.329688
0 0.602687 0.398438 0.602687 0.403125 0.631827 0.403125 0.633215 0.402344 0.634603 0.402344 0.635990 0.401563 0.640153 0.401563 0.640153 0.398438
0 0.563832 0.514063 0.563832 0.518750 0.570770 0.518750 0.572158 0.519531 0.579096 0.519531 0.580484 0.518750 0.583259 0.518750 0.584647 0.517969 0.586035 0.517969 0.588810 0.516406 0.588810 0.514063
1 0.336257 0.398438 0.336257 0.400781 0.330706 0.403906 0.325155 0.403906 0.325155 0.410156 0.332094 0.410156 0.333481 0.409375 0.359847 0.409375 0.361234 0.410156 0.369560 0.410156 0.370948 0.410937 0.373723 0.410937 0.375111 0.411719 0.377886 0.411719 0.379274 0.412500 0.380662 0.412500 0.383437 0.414062 0.383437 0.416406 0.409802 0.416406 0.409802 0.413281 0.411190 0.412500 0.411190 0.410937 0.413965 0.409375 0.418128 0.409375 0.418128 0.403125 0.412578 0.403125 0.408415 0.400781 0.408415 0.398438
0 0.641541 0.389062 0.641541 0.393750 0.651254 0.393750 0.652642 0.394531 0.656805 0.394531 0.658193 0.395312 0.658193 0.397656 0.701210 0.397656 0.701210 0.389062
0 0.000000 0.745313 0.000000 0.835156 0.000000 0.835156 0.000000 0.825000 0.000444 0.824219 0.000444 0.822656 0.000000 0.821875 0.000000 0.821094 0.000000 0.820312 0.000000 0.817969 0.000000 0.817187 0.000000 0.815625 0.000444 0.814844 0.000444 0.814062 0.001832 0.813281 0.001832 0.812500 0.003219 0.811719 0.003219 0.810938 0.004607 0.810156 0.004607 0.808594 0.005995 0.807813 0.005995 0.806250 0.008770 0.804688 0.008770 0.803906 0.010158 0.803125 0.010158 0.801562 0.011545 0.800781 0.011545 0.800000 0.014321 0.798437 0.014321 0.797656 0.015708 0.796875 0.015708 0.796094 0.022646 0.792188 0.024034 0.792188 0.032360 0.787500 0.033748 0.787500 0.036523 0.785937 0.037911 0.785937 0.039298 0.785156 0.042074 0.785156 0.043461 0.784375 0.044849 0.784375 0.047624 0.782812 0.047624 0.781250 0.049012 0.780469 0.049012 0.769531 0.047624 0.768750 0.047624 0.765625 0.046237 0.764844 0.046237 0.764063 0.044849 0.763281 0.044849 0.762500 0.042074 0.760938 0.042074 0.760156 0.040686 0.759375 0.040686 0.757031 0.039298 0.756250 0.039298 0.753125 0.037911 0.752344 0.037911 0.751562 0.036523 0.750781 0.036523 0.750000 0.035135 0.749219 0.035135 0.748438 0.033748 0.747656 0.033748 0.745313
0 0.974578 0.351562 0.974578 0.356250 0.994005 0.356250 0.995393 0.355469 1.000000 0.355469 1.000000 0.351562
0 0.277975 0.539062 0.277975 0.541406 0.276588 0.542188 0.273812 0.542188 0.272425 0.542969 0.261323 0.542969 0.259936 0.543750 0.251610 0.543750 0.250222 0.544531 0.247447 0.544531 0.246059 0.545313 0.243284 0.545313 0.241896 0.546094 0.240508 0.546094 0.239121 0.546875 0.237733 0.546875 0.236345 0.547656 0.234958 0.547656 0.233570 0.548437 0.232183 0.548437 0.230795 0.549219 0.228020 0.549219 0.226632 0.550000 0.223857 0.550000 0.222469 0.550781 0.219694 0.550781 0.218306 0.551562 0.214143 0.551562 0.212755 0.552344 0.208592 0.552344 0.208592 0.556250 0.240508 0.556250 0.241896 0.555469 0.244671 0.555469 0.246059 0.554688 0.250222 0.554688 0.251610 0.553906 0.252997 0.553906 0.252997 0.553125 0.257160 0.550781 0.259936 0.550781 0.261323 0.550000 0.268262 0.550000 0.269649 0.549219 0.277975 0.549219 0.279363 0.548437 0.305728 0.548437 0.307116 0.547656 0.318217 0.547656 0.319605 0.546875 0.332094 0.546875 0.333481 0.546094 0.351521 0.546094 0.352909 0.545313 0.361234 0.545313 0.362622 0.544531 0.368173 0.544531 0.368173 0.539062 0.325155 0.539062 0.325155 0.541406 0.323768 0.542188 0.320992 0.542188 0.319605 0.542969 0.309891 0.542969 0.308504 0.542188 0.302953 0.542188 0.301565 0.541406 0.301565 0.539062
1 0.044817 0.513133 0.069715 0.503644 0.072014 0.499331 0.101892 0.491999 0.119512 0.498469 0.129088 0.494156 0.143644 0.491999 0.166244 0.490489 0.168160 0.496312 0.176204 0.501488 0.174288 0.507526 0.146326 0.512486 0.108787 0.512055 0.094231 0.514212 0.083888 0.516368 0.081973 0.517662 0.068183 0.517447 0.067034 0.514859 0.061671 0.512271 0.052095 0.514643 0.046732 0.514643
1 0.270007 0.998205 0.268944 0.986833 0.277448 0.975462 0.290204 0.968879 0.298709 0.976659 0.309339 0.983841 0.310402 0.997008 0.310049 0.999257 0.269785 0.999628
1 0.115209 0.788618 0.153012 0.788280 0.192615 0.797064 0.255620 0.822738 0.257420 0.831184 0.269421 0.835238 0.327626 0.848413 0.354628 0.880507 0.363628 0.896722 0.327626 0.900101 0.304224 0.884898 0.254420 0.887601 0.270021 0.879493 0.249019 0.867331 0.188415 0.851454 0.221417 0.822063 0.114009 0.790645
0 0.001803 0.704813 0.069878 0.704813 0.086107 0.702275 0.082952 0.712935 0.087911 0.717250 0.064919 0.733494 0.060410 0.741869 0.055001 0.741108 0.053197 0.733494 0.041025 0.734001 0.040574 0.728671 0.014426 0.728164 0.017131 0.722326 0.000902 0.722833 0.000451 0.704305
0 0.242035 0.442154 0.256380 0.435463 0.292036 0.439847 0.269085 0.443769 0.241626 0.442846
