0 0.440430 0.889062 0.438477 0.885938 0.403320 0.885938 0.394531 0.876563 0.394531 0.870313 0.399414 0.854688 0.407227 0.839063 0.407227 0.831250 0.402344 0.828125 0.388672 0.843750 0.380859 0.859375 0.371094 0.870313 0.323242 0.903125 0.306641 0.906250 0.298828 0.910937 0.295898 0.918750 0.294922 0.932813 0.291992 0.937500 0.275391 0.951562 0.272461 0.951562 0.263672 0.962500 0.259766 0.978125 0.261719 0.996875 0.266602 0.996875 0.264648 0.987500 0.265625 0.984375 0.273438 0.985938 0.281250 0.998437 0.290039 0.998437 0.290039 0.993750 0.287109 0.989062 0.295898 0.984375 0.306641 0.989062 0.349609 0.989062 0.355469 0.982812 0.359375 0.989062 0.367188 0.989062 0.371094 0.985938 0.383789 0.987500 0.385742 0.984375 0.387695 0.984375 0.389648 0.989062 0.396484 0.989062 0.400391 0.985938 0.404297 0.989062 0.423828 0.987500 0.424805 0.998437 0.429688 0.998437 0.429688 0.976562 0.433594 0.971875 0.434570 0.943750 0.436523 0.939063 0.438477 0.917188 0.441406 0.909375
0 0.397461 0.620313 0.394531 0.615625 0.389648 0.615625 0.388672 0.614062 0.383789 0.614062 0.382812 0.612500 0.370117 0.612500 0.369141 0.614062 0.367188 0.614062 0.364258 0.618750 0.358398 0.623437 0.353516 0.631250 0.346680 0.631250 0.345703 0.632812 0.341797 0.632812 0.340820 0.634375 0.337891 0.634375 0.335938 0.637500 0.326172 0.645312 0.322266 0.653125 0.320312 0.659375 0.320312 0.664062 0.317383 0.670312 0.317383 0.673438 0.316406 0.675000 0.316406 0.684375 0.317383 0.687500 0.321289 0.692187 0.327148 0.696875 0.329102 0.696875 0.330078 0.698438 0.360352 0.698438 0.361328 0.696875 0.363281 0.696875 0.365234 0.695312 0.375000 0.681250 0.375000 0.678125 0.375977 0.676562 0.375977 0.670312 0.376953 0.668750 0.382812 0.668750 0.385742 0.665625 0.385742 0.660937 0.391602 0.651563 0.391602 0.642188 0.390625 0.640625 0.390625 0.637500 0.394531 0.634375 0.397461 0.629687
0 0.478516 0.378125 0.461914 0.370312 0.442383 0.371875 0.436523 0.376563 0.430664 0.385937 0.424805 0.400000 0.423828 0.410938 0.417969 0.420312 0.408203 0.428125 0.396484 0.446875 0.396484 0.485938 0.399414 0.496875 0.400391 0.517188 0.394531 0.518750 0.379883 0.542188 0.379883 0.587500 0.386719 0.592187 0.402344 0.595313 0.444336 0.595313 0.450195 0.592187 0.481445 0.589063 0.490234 0.582812 0.497070 0.571875 0.498047 0.560937 0.497070 0.556250 0.493164 0.551562 0.496094 0.537500 0.491211 0.521875 0.486328 0.515625 0.488281 0.509375 0.486328 0.496875 0.496094 0.481250 0.497070 0.473438 0.493164 0.465625 0.478516 0.453125 0.463867 0.451562 0.458008 0.443750 0.458008 0.439063 0.463867 0.431250 0.467773 0.431250 0.471680 0.426563 0.468750 0.403125 0.471680 0.396875 0.479492 0.389062 0.480469 0.382812
0 0.478516 0.262500 0.479492 0.264062 0.479492 0.265625 0.480469 0.265625 0.481445 0.267188 0.484375 0.267188 0.485352 0.268750 0.492188 0.268750 0.493164 0.270313 0.494141 0.270313 0.496094 0.267188 0.496094 0.265625 0.494141 0.262500 0.491211 0.262500 0.490234 0.260937 0.484375 0.260937 0.483398 0.259375 0.480469 0.259375
0 0.777344 0.335938 0.776367 0.334375 0.776367 0.332813 0.773438 0.328125 0.772461 0.328125 0.771484 0.329688 0.771484 0.331250 0.768555 0.335938 0.767578 0.335938 0.766602 0.337500 0.761719 0.337500 0.760742 0.339062 0.759766 0.339062 0.758789 0.340625 0.757812 0.340625 0.756836 0.342187 0.755859 0.342187 0.754883 0.343750 0.747070 0.343750 0.746094 0.345313 0.738281 0.345313 0.737305 0.346875 0.737305 0.351562 0.740234 0.356250 0.741211 0.356250 0.742188 0.357812 0.750977 0.357812 0.751953 0.356250 0.771484 0.356250 0.772461 0.354687 0.773438 0.354687 0.775391 0.351562 0.775391 0.350000 0.777344 0.346875
0 0.765625 0.304688 0.767578 0.307812 0.770508 0.307812 0.771484 0.306250 0.772461 0.306250 0.773438 0.304688 0.773438 0.303125 0.771484 0.300000 0.767578 0.300000 0.766602 0.301563 0.766602 0.303125
0 0.777344 0.267188 0.775391 0.267188 0.772461 0.262500 0.772461 0.260937 0.771484 0.259375 0.769531 0.259375 0.766602 0.264062 0.766602 0.265625 0.765625 0.267188 0.764648 0.267188 0.763672 0.268750 0.762695 0.268750 0.761719 0.270313 0.761719 0.275000 0.765625 0.275000 0.766602 0.273438 0.777344 0.273438
0 0.970703 0.920312 0.970703 0.921875 0.969727 0.923438 0.969727 0.928125 0.975586 0.937500 0.976562 0.937500 0.979492 0.942187 0.980469 0.942187 0.981445 0.943750 0.982422 0.943750 0.984375 0.946875 0.986328 0.946875 0.987305 0.948438 0.988281 0.948438 0.989258 0.950000 0.991211 0.950000 0.993164 0.953125 0.994141 0.953125 0.995117 0.954688 0.999023 0.954688 0.999023 0.929688 0.995117 0.923438 0.994141 0.923438 0.993164 0.921875 0.991211 0.921875 0.990234 0.920312 0.989258 0.920312 0.988281 0.918750 0.986328 0.918750 0.985352 0.917188 0.984375 0.917188 0.983398 0.915625 0.982422 0.915625 0.981445 0.914062 0.974609 0.914062 0.974609 0.915625 0.973633 0.917188 0.972656 0.917188
0 0.934570 0.821875 0.934570 0.828125 0.936523 0.828125 0.937500 0.829688 0.936523 0.831250 0.936523 0.837500 0.938477 0.840625 0.940430 0.840625 0.941406 0.842187 0.942383 0.842187 0.943359 0.843750 0.950195 0.843750 0.951172 0.842187 0.951172 0.835938 0.950195 0.834375 0.950195 0.832812 0.948242 0.829688 0.948242 0.828125 0.946289 0.828125 0.945312 0.826562 0.944336 0.826562 0.943359 0.825000 0.940430 0.825000 0.938477 0.821875 0.937500 0.821875 0.936523 0.820312 0.935547 0.820312
0 0.770508 0.782813 0.770508 0.793750 0.771484 0.795312 0.773438 0.795312 0.774414 0.796875 0.776367 0.796875 0.777344 0.798438 0.791992 0.798438 0.794922 0.793750 0.794922 0.789062 0.793945 0.787500 0.793945 0.785937 0.792969 0.784375 0.792969 0.782813 0.791992 0.782813 0.791016 0.781250 0.790039 0.781250 0.789062 0.779687 0.782227 0.779687 0.781250 0.778125 0.774414 0.778125 0.773438 0.779687 0.772461 0.779687
