0 0.657986 0.857804 0.658482 0.862103 0.659722 0.863757 0.660962 0.864087 0.662202 0.865410 0.663194 0.865410 0.664187 0.866733 0.668651 0.867063 0.671379 0.868717 0.676587 0.868717 0.678323 0.870040 0.683036 0.870040 0.684524 0.871362 0.708829 0.871362 0.716766 0.865741 0.719990 0.865410 0.721478 0.864087 0.728175 0.863757 0.729167 0.862765 0.729911 0.860780 0.729911 0.857143 0.729167 0.855159 0.725446 0.852513 0.671379 0.852513 0.669891 0.853836 0.660466 0.853836 0.658730 0.855489
0 0.498760 0.847222 0.499256 0.850529 0.500992 0.852183 0.501488 0.854828 0.503720 0.856812 0.517361 0.856812 0.518601 0.858135 0.526042 0.858135 0.528026 0.859788 0.544891 0.861111 0.550843 0.864087 0.554812 0.864087 0.556052 0.865410 0.561508 0.865741 0.563244 0.867063 0.585813 0.867063 0.588294 0.868717 0.601438 0.868717 0.603671 0.867725 0.606151 0.863095 0.611359 0.868386 0.618056 0.868717 0.620288 0.867725 0.623760 0.862103 0.623264 0.852844 0.617808 0.847884 0.613095 0.848545 0.611111 0.852844 0.606399 0.857804 0.605903 0.850860 0.603423 0.847884 0.584325 0.846561 0.582341 0.844907 0.575397 0.844907 0.567708 0.841931 0.550347 0.841931 0.548115 0.843585 0.545635 0.843585 0.543403 0.841931 0.508433 0.841931 0.505704 0.843585 0.500992 0.843585
0 0.526538 0.790344 0.526538 0.793320 0.528770 0.796296 0.555308 0.796296 0.557788 0.799272 0.566964 0.799272 0.574405 0.802249 0.577877 0.802249 0.579861 0.800595 0.583581 0.800595 0.585565 0.802249 0.602431 0.802249 0.613839 0.806548 0.664931 0.808201 0.667163 0.806548 0.673363 0.806548 0.675843 0.802579 0.675595 0.798942 0.673115 0.796296 0.661706 0.794974 0.659722 0.793320 0.651786 0.791997 0.649802 0.790344 0.645089 0.790344 0.638641 0.787368 0.632192 0.787368 0.629960 0.789021 0.564484 0.789021 0.562252 0.787368 0.529018 0.787368
0 0.597966 0.749669 0.597966 0.751984 0.599454 0.753968 0.605903 0.753968 0.607639 0.755622 0.610367 0.755622 0.611855 0.756944 0.615823 0.756944 0.616567 0.757937 0.617808 0.758598 0.632937 0.758598 0.634177 0.757937 0.634921 0.756944 0.640129 0.756944 0.641865 0.754630 0.641865 0.750992 0.640129 0.748016 0.638641 0.747024 0.634921 0.747024 0.633433 0.745701 0.622768 0.745701 0.622024 0.744709 0.620784 0.744048 0.616567 0.744048 0.614831 0.745701 0.611855 0.745701 0.610615 0.747024 0.599950 0.747024 0.598958 0.747685 0.598214 0.748677
0 0.543651 0.736772 0.543899 0.739087 0.544891 0.740410 0.546131 0.740741 0.547371 0.742063 0.547867 0.742063 0.548115 0.742394 0.555308 0.742394 0.556548 0.743717 0.575893 0.743717 0.576389 0.743386 0.577629 0.741402 0.577629 0.737434 0.577381 0.736772 0.576141 0.735450 0.575397 0.735450 0.575149 0.735119 0.567212 0.735119 0.566468 0.734127 0.565972 0.734127 0.565724 0.733796 0.545635 0.733796 0.544147 0.735119
0 0.601190 0.727844 0.601438 0.730159 0.601935 0.731151 0.602927 0.731812 0.611359 0.731812 0.612103 0.732804 0.613095 0.733466 0.635417 0.733466 0.636409 0.732804 0.637401 0.731151 0.637401 0.728836 0.636161 0.726852 0.635665 0.726521 0.630456 0.726521 0.629712 0.725529 0.628720 0.724868 0.603423 0.724868 0.601935 0.725860
0 0.545883 0.724537 0.545883 0.726521 0.547371 0.728836 0.548115 0.728836 0.548363 0.729167 0.556300 0.729167 0.557788 0.730489 0.583829 0.730489 0.585069 0.729167 0.585565 0.727513 0.585565 0.726521 0.585069 0.724868 0.583829 0.723545 0.580853 0.723545 0.580605 0.723876 0.580357 0.723545 0.578621 0.723545 0.577877 0.722553 0.576637 0.721892 0.548115 0.721892 0.546875 0.722553
0 0.602183 0.713294 0.602183 0.714286 0.602431 0.714616 0.602431 0.714947 0.602927 0.715608 0.603175 0.715608 0.603423 0.715939 0.603423 0.716270 0.604167 0.717262 0.608631 0.717262 0.609623 0.718585 0.609871 0.718585 0.610119 0.718915 0.612847 0.718915 0.613095 0.718585 0.613343 0.718585 0.613591 0.718915 0.618304 0.718915 0.618552 0.718585 0.618800 0.718585 0.619048 0.718915 0.624008 0.718915 0.624256 0.718585 0.625000 0.718254 0.625000 0.717923 0.625496 0.716931 0.625496 0.716601 0.625248 0.716270 0.625248 0.715608 0.623512 0.713294 0.623264 0.713294 0.623016 0.712963 0.617808 0.712963 0.616815 0.711640 0.603175 0.711640 0.602927 0.711971 0.602679 0.711971 0.602679 0.712302
0 0.555804 0.708995 0.556052 0.710979 0.557540 0.712632 0.562748 0.712632 0.563740 0.713955 0.564484 0.714286 0.567212 0.714286 0.568452 0.715608 0.589286 0.715608 0.590774 0.713955 0.591022 0.712963 0.591022 0.711310 0.590526 0.709987 0.589782 0.709325 0.589038 0.708003 0.588046 0.707341 0.587302 0.707341 0.586558 0.706349 0.585565 0.705688 0.577381 0.705688 0.575893 0.704365 0.569692 0.704365 0.568452 0.705688 0.558036 0.705688 0.557292 0.706019 0.556300 0.707341
0 0.744296 0.804894 0.744048 0.809524 0.748016 0.812831 0.753472 0.820437 0.755952 0.822090 0.757937 0.822090 0.764633 0.826389 0.766865 0.829365 0.768105 0.829365 0.774802 0.838294 0.774802 0.839616 0.772569 0.841270 0.767361 0.841270 0.765873 0.842923 0.763145 0.843254 0.758433 0.849537 0.758185 0.857474 0.759673 0.859788 0.768105 0.861772 0.768849 0.863095 0.771329 0.864749 0.773562 0.864749 0.775050 0.866402 0.781498 0.866402 0.782490 0.867725 0.804812 0.867725 0.807540 0.865741 0.807788 0.861442 0.804812 0.859127 0.803571 0.859127 0.801587 0.856151 0.800347 0.856151 0.799107 0.854497 0.804563 0.848545 0.804563 0.845569 0.801339 0.839616 0.800843 0.837302 0.797619 0.833003 0.795883 0.832341 0.792659 0.828042 0.791419 0.828042 0.788690 0.824074 0.785962 0.822421 0.782738 0.817791 0.781498 0.817791 0.777530 0.812169 0.776042 0.811839 0.775546 0.809524 0.774306 0.807870 0.772817 0.807540 0.768601 0.800265 0.765129 0.799934 0.763641 0.801587 0.761409 0.801587 0.760417 0.802910 0.749504 0.802910 0.748016 0.804563
0 0.700645 0.773810 0.700645 0.774802 0.700893 0.775132 0.700893 0.775463 0.701389 0.776124 0.701885 0.776124 0.702133 0.776455 0.708333 0.776455 0.709325 0.777778 0.719494 0.777778 0.719990 0.777116 0.720238 0.777116 0.720238 0.776786 0.720486 0.776455 0.720486 0.774802 0.719494 0.773479 0.717262 0.773479 0.716766 0.772817 0.716766 0.772487 0.716518 0.772487 0.716270 0.772156 0.715774 0.772156 0.715526 0.771825 0.709325 0.771825 0.709077 0.771495 0.709077 0.771164 0.708333 0.770503 0.703869 0.770503 0.702877 0.771825 0.702381 0.771825 0.702133 0.772156 0.701637 0.772156 0.701389 0.772487 0.701141 0.772487 0.701141 0.772817
0 0.712798 0.757606 0.712798 0.758598 0.713542 0.759921 0.715030 0.760251 0.716022 0.761574 0.717262 0.761574 0.718006 0.762897 0.718502 0.762897 0.718750 0.763228 0.743056 0.763228 0.743304 0.762897 0.744048 0.762897 0.744792 0.761905 0.744792 0.758598 0.744544 0.757937 0.744048 0.757606 0.743304 0.756614 0.743304 0.756283 0.743056 0.756283 0.742312 0.755291 0.742312 0.754960 0.741567 0.754299 0.717262 0.754299 0.716766 0.754630 0.716270 0.755622 0.714534 0.755622 0.713294 0.756283
0 0.700645 0.742725 0.700645 0.744048 0.701637 0.745370 0.702877 0.745370 0.704613 0.748016 0.707341 0.748347 0.708085 0.749669 0.711558 0.749669 0.712798 0.751323 0.736855 0.751323 0.738591 0.749669 0.764881 0.749669 0.765873 0.748347 0.767857 0.748347 0.769097 0.747024 0.775794 0.747024 0.777778 0.749669 0.780506 0.749669 0.781498 0.747685 0.781002 0.746032 0.777778 0.742394 0.769097 0.742394 0.768105 0.741071 0.743800 0.741071 0.742063 0.739418 0.707837 0.739418 0.705853 0.741071 0.701637 0.741071
0 0.786954 0.731151 0.786954 0.733796 0.788442 0.735780 0.787946 0.738757 0.789683 0.742063 0.792411 0.742394 0.793899 0.744048 0.799107 0.744048 0.800099 0.745370 0.801339 0.745370 0.805308 0.750992 0.807292 0.751984 0.803819 0.753638 0.803571 0.757275 0.804067 0.758267 0.805556 0.758598 0.807292 0.760251 0.809028 0.760251 0.810020 0.761574 0.812252 0.761574 0.815724 0.764550 0.817708 0.764550 0.818700 0.765873 0.820933 0.765873 0.821925 0.767196 0.824405 0.767526 0.825397 0.768849 0.827629 0.768849 0.831101 0.771825 0.833333 0.771825 0.834573 0.773479 0.843006 0.773479 0.845238 0.771164 0.845486 0.769180 0.848958 0.764550 0.854415 0.764550 0.855407 0.763228 0.855407 0.759921 0.852183 0.757275 0.851190 0.757275 0.848958 0.754299 0.842262 0.754299 0.841270 0.752976 0.839038 0.752646 0.835813 0.750000 0.834573 0.750000 0.832837 0.747354 0.831349 0.747024 0.829117 0.744048 0.828125 0.744048 0.824653 0.741071 0.821429 0.741071 0.814484 0.735119 0.811260 0.735119 0.809524 0.733466 0.805556 0.733466 0.804563 0.732143 0.801339 0.732143 0.800843 0.731151
0 0.692956 0.726190 0.692956 0.729167 0.693700 0.730489 0.694940 0.730489 0.695437 0.731481 0.696181 0.732143 0.703869 0.732143 0.704861 0.733466 0.709325 0.733466 0.709821 0.734458 0.710813 0.735119 0.713542 0.735119 0.713790 0.734788 0.714286 0.734788 0.715030 0.733466 0.717262 0.733466 0.717758 0.733135 0.718254 0.732143 0.719246 0.732143 0.720734 0.730489 0.721726 0.730489 0.722222 0.730159 0.722718 0.729167 0.722718 0.727513 0.721974 0.726521 0.721726 0.726521 0.720734 0.724868 0.718502 0.724868 0.717510 0.723545 0.717014 0.723545 0.716766 0.723214 0.715030 0.723214 0.714038 0.721892 0.701637 0.721892 0.700645 0.723214 0.696677 0.723214 0.696429 0.723545 0.695933 0.723545 0.695188 0.724868 0.693948 0.724868 0.693452 0.725198
0 0.748264 0.721892 0.748264 0.724868 0.748760 0.725860 0.749008 0.725860 0.749256 0.726190 0.751488 0.726190 0.751984 0.726852 0.751984 0.727183 0.752232 0.727183 0.752480 0.727513 0.752976 0.727513 0.753224 0.727844 0.754216 0.727844 0.754464 0.727513 0.755208 0.727513 0.755456 0.727844 0.761905 0.727844 0.762153 0.727513 0.762649 0.727513 0.762897 0.727183 0.763145 0.727183 0.763641 0.726190 0.765873 0.726190 0.766121 0.725860 0.766369 0.725860 0.766865 0.724868 0.766865 0.722884 0.766369 0.722222 0.766121 0.722222 0.765873 0.721892 0.760417 0.721892 0.759921 0.721230 0.759921 0.720899 0.759673 0.720899 0.759425 0.720569 0.758929 0.720569 0.758681 0.720238 0.757440 0.720238 0.757192 0.720569 0.756696 0.720569 0.756448 0.720238 0.749752 0.720238 0.749504 0.720569 0.749008 0.720569 0.748512 0.721230 0.748512 0.721561
0 0.751736 0.703704 0.751488 0.704696 0.751736 0.706019 0.752480 0.707011 0.753472 0.707011 0.753968 0.708995 0.754712 0.709987 0.755952 0.709987 0.756448 0.710979 0.757937 0.711310 0.759177 0.712963 0.760417 0.712963 0.760913 0.713955 0.762401 0.714286 0.764633 0.717262 0.766617 0.717262 0.767113 0.717923 0.767113 0.719246 0.768105 0.720238 0.770337 0.720238 0.771081 0.721561 0.771825 0.721892 0.774802 0.721892 0.775794 0.723214 0.778026 0.723214 0.778522 0.724206 0.779514 0.724868 0.782490 0.724868 0.783482 0.726190 0.785962 0.725860 0.790179 0.726190 0.791171 0.725198 0.791419 0.724206 0.791171 0.719907 0.790179 0.718915 0.789187 0.718915 0.788690 0.717923 0.786954 0.717262 0.785714 0.715939 0.784970 0.715939 0.781994 0.712302 0.782738 0.711310 0.786954 0.711310 0.787698 0.710648 0.787946 0.708333 0.785962 0.705688 0.775050 0.705688 0.774306 0.704696 0.773065 0.704034 0.768353 0.704034 0.767113 0.702712 0.752480 0.702712
0 0.685268 0.701058 0.685268 0.703042 0.685764 0.703704 0.686012 0.703704 0.687004 0.705357 0.687500 0.705357 0.687748 0.705688 0.689484 0.705688 0.690724 0.707011 0.692708 0.707011 0.693700 0.708333 0.694196 0.708333 0.694444 0.708664 0.696181 0.708664 0.697173 0.709987 0.701637 0.709987 0.702877 0.708664 0.706597 0.708664 0.706845 0.708333 0.707837 0.708003 0.708333 0.707011 0.710565 0.707011 0.711062 0.706680 0.711310 0.706019 0.712054 0.705026 0.712302 0.705026 0.712798 0.704034 0.712798 0.702712 0.712550 0.702050 0.712054 0.701720 0.711062 0.700066 0.710565 0.699735 0.709573 0.699735 0.708581 0.698413 0.708085 0.698413 0.707837 0.698082 0.687996 0.698082 0.687748 0.698413 0.686756 0.698743 0.686756 0.699074 0.686012 0.700066 0.685764 0.700066
0 0.563492 0.697090 0.563492 0.698413 0.564732 0.699735 0.572173 0.699735 0.573413 0.701058 0.589038 0.701058 0.590030 0.699735 0.590030 0.696759 0.589534 0.696098 0.589534 0.695767 0.589038 0.695437 0.564484 0.695437 0.563988 0.695767
0 0.599950 0.689815 0.600198 0.691468 0.600942 0.692130 0.609871 0.692130 0.611111 0.693783 0.616567 0.693783 0.617560 0.695106 0.624008 0.695106 0.625000 0.696429 0.626488 0.697090 0.626488 0.699405 0.625000 0.700066 0.624256 0.701058 0.621032 0.701058 0.619792 0.699735 0.603175 0.699735 0.602183 0.701720 0.602431 0.703042 0.603175 0.704034 0.618552 0.704034 0.620288 0.705688 0.625992 0.705688 0.627728 0.704034 0.629216 0.703704 0.630952 0.701058 0.630952 0.698413 0.629712 0.695767 0.630952 0.693783 0.630952 0.692460 0.630208 0.691138 0.629464 0.690807 0.626736 0.690807 0.625992 0.691468 0.625248 0.690807 0.619792 0.690807 0.618800 0.689484 0.615575 0.689484 0.614087 0.687831 0.607639 0.687831 0.606647 0.686508 0.602183 0.686508 0.600446 0.688492
0 0.571181 0.687169 0.571429 0.687831 0.571429 0.688492 0.572173 0.689153 0.572669 0.689153 0.572917 0.689484 0.576637 0.689484 0.577381 0.690476 0.577877 0.690807 0.595486 0.690807 0.596478 0.689815 0.596478 0.689153 0.596726 0.688823 0.596478 0.688161 0.596478 0.687500 0.595734 0.686508 0.594494 0.686508 0.593998 0.685847 0.593998 0.685516 0.593502 0.685185 0.593006 0.685185 0.592758 0.684854 0.572669 0.684854 0.571677 0.685516 0.571429 0.686177 0.571429 0.686839
0 0.675347 0.674272 0.675347 0.676257 0.676339 0.677579 0.681300 0.677579 0.681548 0.677910 0.680804 0.678902 0.678323 0.679233 0.676339 0.682209 0.676587 0.684193 0.677331 0.684854 0.678323 0.684854 0.679315 0.686177 0.680804 0.686508 0.681796 0.687831 0.682788 0.687831 0.683780 0.689153 0.685268 0.689484 0.686260 0.690807 0.701637 0.690807 0.702877 0.689153 0.702877 0.685185 0.700893 0.682209 0.698413 0.681878 0.697421 0.680556 0.695188 0.680556 0.694196 0.679233 0.693452 0.679233 0.692212 0.678571 0.692956 0.677579 0.694940 0.677579 0.696181 0.676257 0.696181 0.674603 0.695188 0.673280 0.676091 0.673280
0 0.499256 0.709325 0.499256 0.710979 0.499504 0.711310 0.499504 0.711971 0.500000 0.712632 0.500496 0.712963 0.503720 0.712963 0.504216 0.713624 0.504216 0.713955 0.504712 0.714286 0.505952 0.714286 0.506200 0.714947 0.507192 0.715939 0.517857 0.715939 0.518849 0.715278 0.518849 0.714947 0.519345 0.714286 0.526042 0.714286 0.526786 0.713294 0.526786 0.712632 0.527034 0.712302 0.527034 0.708995 0.526538 0.707672 0.525546 0.707011 0.522569 0.707011 0.521577 0.705688 0.504712 0.705688 0.503720 0.707341 0.503472 0.707011 0.500744 0.707011 0.499752 0.707672 0.499504 0.708995
0 0.510417 0.696759 0.510417 0.698413 0.511657 0.699735 0.513641 0.699735 0.514633 0.701058 0.550347 0.701058 0.550595 0.700728 0.551091 0.701058 0.553571 0.701058 0.554563 0.699735 0.554563 0.698082 0.552579 0.695437 0.535962 0.695437 0.535466 0.694444 0.534474 0.693783 0.515873 0.693783 0.514633 0.695437 0.511409 0.695437
0 0.522569 0.686508 0.522569 0.687831 0.523313 0.689153 0.523810 0.689153 0.524058 0.689484 0.527034 0.689484 0.527282 0.690146 0.528026 0.690807 0.534474 0.690807 0.535466 0.690146 0.535962 0.689484 0.547371 0.689484 0.547619 0.689153 0.548115 0.689153 0.548611 0.688823 0.548611 0.688492 0.549107 0.687831 0.549107 0.685185 0.548115 0.683532 0.525794 0.683532 0.524802 0.684854 0.524058 0.684854 0.523810 0.685185 0.523313 0.685185
0 0.531498 0.677579 0.531498 0.679233 0.531746 0.679894 0.532738 0.680556 0.538938 0.680556 0.540179 0.681878 0.562500 0.681878 0.563492 0.680225 0.563492 0.679233 0.563244 0.678571 0.562252 0.677579 0.548115 0.677579 0.547123 0.676257 0.541171 0.676257 0.540923 0.676587 0.540427 0.676257 0.532242 0.676257
